0110101000011111
1100100101110001
1000001111000000
0001100101001111
1000010010010101
1100011010011011
0010101011010111
1111001011010000
1100100001110110
0110000110100000
0001100001001010
1001111011010011
0011100110101111
0110100000011111
1000101010111111
0001010101101111
1111101011101000
1011101000101111
1000001110000010
0100110011100011
1010010101111100
0110110100000100
0001011101111001
1010010111110010
1111010101001100
1100101001110000
0000101100001001
1010110101001010
0001010001101100
1001101101000001
1111110111111101
0001101001100110
0001110101010011
1011000100010000
1101010100100101
0111000101010000
0100010101010101
1111111111110011
1001011111110000
0001000101110111
1001100111000110
1010111101000100
1101100000000110
1101100100000001
1100111001111000
1110011010111100
1110010010110010
0100011001010101
0001000101110111
0010101011010110
0110101100010110
1010000100011110
0011010010001100
0111111001100001
1010000001110101
0000000000000111
1110110011111010
1000110110101010
1010110101001010
1011000000011001
0101100010001111
0110101100010110
0000110000101100
0010111011001010
1011101000101000
1010001101100001
0011101110000001
0000110010100100
0001011001100011
0010000111100111
1101101000001000
0001000001110001
1101101000000000
0010110011000100
1001100011000001
0010001111100111
1000010010010101
1011111100111100
1000101110011000
0011010110001011
0100110111100011
0000111000101010
0010001011101110
0110101100010001
1101011000101100
1100111001100110
0000110011000100
1001100011011101
1001101011001111
0100111110011010
0000111000100010
1100101101101111
1111011111001010
0101111110011010
0110110100001100
0010100011000100
0100110011100011
1100111101100001
0110101100101110
1000111010100100
