0110100011100110
1100100111000100
1000001100100000
0001100101011100
1000010010100110
1000011001011100
0010101001011110
1111001010001010
1100100001101001
0110000111100001
0001100011000001
1001111011111111
0011100101111010
0110100011101111
1000101010111010
0001010110101110
1111101000011101
1011101010110010
1000001110110000
0100110000110101
1010011101100000
0110110100111101
0001001101011001
1010010100000011
0111010101010101
1100101001110010
0000001100111010
1010110101100100
0001010011011000
0001101111001011
1111110111101010
0001101011101100
0001110101010000
1011001111001010
1101010110001011
0111000101010001
1100010111001110
1111111100100110
1001001110110001
0001000110000111
1001100100101001
1010111101000111
1101100010011100
1101100101011110
1100101000011000
1110011000111000
1110010000100100
0100011001001101
0001000111010111
0010101010000000
0110101101100010
1011000100010000
0011010011010010
0111101000110100
1010010001001001
0000000100111101
1111110011011000
1000110100011111
1010110110100110
1011000011011001
0101100011110100
0110101101000011
0000110000001010
0010111001011101
1011101101001000
1010001100000011
0011101100100110
0000110011100011
0001011001111100
0010000100110100
1101101011110011
0001000000010100
1101101000011101
0010110001011101
1001100000101111
0010000100111111
1000010011010011
1011111100110001
1000101111110010
0011010100011000
0100110001111010
0000111000110101
0010001001101010
0110101000100111
1101011011101100
1100111001110101
0010110001100111
1001110001100001
1001101011100000
0101111101110001
0000111000101110
1100101101000000
1111011110001011
0101111101111111
0110110111110110
0010110011111101
0100110000100000
1100111111101101
0110001101101001
1000111111001001
