0110100000011111
1100100101110001
1000001110000000
0001100101001111
1000010010010101
1000011010011011
0010101011010110
1111001011010000
1100100001110110
0110000100100000
0001100001001000
1001111011010011
0011100110101111
0110100000011111
1000101010111111
0001010101101011
1111101011101000
1011101000101111
1000001110000000
0100110011100011
1010011101111100
0110110100000100
0001001101111001
1010010101110010
0111010101001100
1100101001111000
0000001100001001
1010110101001010
0001010001101100
0001101101000001
1111110111111101
0001101001000110
0001110101010011
1011001100010000
1101010100100101
0111000101010000
1100010101010101
1111111111110011
1001001111110000
0001000101110111
1001100111000110
1010111101000100
1101100000000110
1101100100000001
1100101001111000
1110011010111100
1110010010110010
0100011011010101
0001000101110111
0010101011010110
0110101100010110
1011000100011110
0011010010001100
0111101001100001
1010010001110101
0000000100000111
1111110011111010
1000110110101010
1010110101001010
1011000000011001
0101100010001111
0110101100010110
0000110000100100
0010111011001010
1011101100101000
1010001101100000
0011101110100001
0000110000100100
0001011001100010
0010000111100111
1101101000001000
0001000001110000
1101101000001000
0010110011000100
1001100011000001
0010000111100111
1000010010010101
1011111100110100
1000101110111000
0011010110001011
0100110011100011
0000111000101010
0010001011101110
0110101000010001
1101011000101100
1100111001100100
0010110011000100
1001110011011101
1001101011001111
0101111110011010
0000111000101010
1100101101111111
1111011111001011
0101111110011010
0110110100000100
0010110011000100
0100110011100011
1100111101100011
0110001100101110
1000111110100100
